40 300
3 15 1 1
6 22 1 1
1 18 1 1
29 28 1 1
19 2 1 1
3 22 1 1
26 10 1 1
3 19 1 1
21 2 1 1
9 36 1 1
39 30 1 1
1 34 1 1
19 5 1 1
5 14 1 1
3 38 1 1
32 38 1 1
17 37 1 1
14 20 1 1
11 36 1 1
31 25 1 1
14 10 1 1
19 34 1 1
16 23 1 1
27 38 1 1
12 23 1 1
35 40 1 1
40 35 1 1
27 37 1 1
9 29 1 1
32 5 1 1
13 30 1 1
21 11 1 1
8 33 1 1
38 2 1 1
4 16 1 1
14 23 1 1
16 13 1 1
6 7 1 1
24 21 1 1
37 9 1 1
3 29 1 1
4 27 1 1
14 6 1 1
29 26 1 1
40 31 1 1
29 30 1 1
4 36 1 1
17 31 1 1
30 1 1 1
12 19 1 1
27 31 1 1
24 6 1 1
35 25 1 1
36 4 1 1
27 13 1 1
40 17 1 1
28 26 1 1
37 17 1 1
3 18 1 1
32 10 1 1
28 35 1 1
7 17 1 1
30 2 1 1
25 6 1 1
33 6 1 1
31 18 1 1
3 35 1 1
16 9 1 1
12 24 1 1
21 15 1 1
7 21 1 1
1 15 1 1
26 23 1 1
40 15 1 1
39 30 1 1
34 2 1 1
28 6 1 1
2 5 1 1
24 30 1 1
8 24 1 1
32 26 1 1
6 19 1 1
11 35 1 1
24 4 1 1
27 40 1 1
40 17 1 1
10 39 1 1
16 26 1 1
6 9 1 1
3 7 1 1
26 33 1 1
29 38 1 1
3 9 1 1
21 40 1 1
5 29 1 1
26 25 1 1
29 17 1 1
29 10 1 1
23 13 1 1
16 34 1 1
3 15 1 1
12 35 1 1
29 36 1 1
10 12 1 1
29 24 1 1
1 17 1 1
16 21 1 1
19 32 1 1
12 21 1 1
1 35 1 1
36 19 1 1
11 32 1 1
40 27 1 1
33 18 1 1
37 26 1 1
16 6 1 1
35 20 1 1
32 1 1 1
2 23 1 1
20 16 1 1
39 7 1 1
15 27 1 1
11 12 1 1
14 29 1 1
21 6 1 1
14 10 1 1
21 28 1 1
7 27 1 1
24 12 1 1
15 32 1 1
34 4 1 1
37 18 1 1
19 15 1 1
30 26 1 1
28 33 1 1
29 7 1 1
4 14 1 1
15 4 1 1
3 28 1 1
7 40 1 1
3 30 1 1
5 13 1 1
16 21 1 1
12 3 1 1
38 27 1 1
23 10 1 1
36 27 1 1
7 3 1 1
32 27 1 1
38 1 1 1
9 15 1 1
30 16 1 1
33 31 1 1
9 13 1 1
4 21 1 1
20 38 1 1
32 28 1 1
3 31 1 1
5 31 1 1
11 34 1 1
31 5 1 1
17 10 1 1
27 22 1 1
25 24 1 1
21 10 1 1
27 8 1 1
34 8 1 1
16 15 1 1
22 24 1 1
19 29 1 1
30 35 1 1
11 1 1 1
7 21 1 1
4 27 1 1
14 9 1 1
26 33 1 1
16 38 1 1
39 11 1 1
37 32 1 1
31 7 1 1
28 19 1 1
20 30 1 1
31 16 1 1
9 7 1 1
25 19 1 1
26 40 1 1
21 29 1 1
32 18 1 1
36 3 1 1
21 4 1 1
26 3 1 1
33 36 1 1
7 28 1 1
37 6 1 1
12 22 1 1
4 10 1 1
29 37 1 1
31 36 1 1
9 34 1 1
5 38 1 1
4 3 1 1
16 6 1 1
27 4 1 1
29 22 1 1
32 20 1 1
35 17 1 1
1 35 1 1
32 1 1 1
9 4 1 1
20 22 1 1
33 8 1 1
26 5 1 1
38 10 1 1
30 9 1 1
8 18 1 1
18 23 1 1
20 12 1 1
18 11 1 1
23 11 1 1
29 33 1 1
15 33 1 1
29 24 1 1
38 10 1 1
36 2 1 1
39 28 1 1
20 35 1 1
28 5 1 1
6 3 1 1
34 4 1 1
31 10 1 1
23 31 1 1
36 34 1 1
32 38 1 1
15 33 1 1
14 26 1 1
38 23 1 1
29 40 1 1
28 32 1 1
25 4 1 1
32 38 1 1
6 13 1 1
13 38 1 1
37 30 1 1
14 20 1 1
1 31 1 1
10 32 1 1
11 36 1 1
11 32 1 1
14 38 1 1
34 26 1 1
5 39 1 1
8 31 1 1
7 21 1 1
6 37 1 1
5 25 1 1
30 35 1 1
30 12 1 1
11 29 1 1
13 15 1 1
11 17 1 1
2 36 1 1
26 39 1 1
29 39 1 1
31 9 1 1
4 11 1 1
39 36 1 1
7 25 1 1
37 36 1 1
15 20 1 1
23 19 1 1
29 37 1 1
23 6 1 1
15 24 1 1
5 33 1 1
36 32 1 1
16 36 1 1
13 30 1 1
31 16 1 1
17 19 1 1
28 27 1 1
25 12 1 1
32 16 1 1
11 15 1 1
30 26 1 1
25 12 1 1
34 17 1 1
26 12 1 1
21 1 1 1
39 25 1 1
21 2 1 1
5 13 1 1
8 24 1 1
23 30 1 1
39 5 1 1
29 10 1 1
4 13 1 1
11 37 1 1
12 35 1 1
28 35 1 1
22 30 1 1
