468 907
336 437
287 62
268 450
301 302
157 147
325 422
46 191
166 411
234 347
304 222
460 242
400 49
412 429
287 82
304 39
99 452
464 78
88 307
325 92
221 405
226 296
464 304
446 146
386 208
80 138
220 363
283 278
279 216
270 36
66 56
341 417
350 202
346 232
421 198
378 299
56 225
245 345
327 174
321 319
213 195
116 331
381 399
253 84
154 129
395 396
419 391
330 300
73 93
332 351
136 422
14 168
6 406
460 292
456 70
272 5
334 219
283 169
212 427
263 111
308 367
427 457
85 320
83 280
42 61
249 388
87 155
353 142
263 421
166 179
121 120
386 184
264 460
126 468
391 85
115 331
125 179
19 67
197 350
430 458
211 139
50 382
22 133
227 277
244 361
91 241
121 454
3 252
16 70
352 465
456 135
211 133
189 159
258 279
1 317
385 149
71 65
441 41
7 304
117 381
100 14
292 463
428 250
284 153
236 69
281 14
142 200
35 68
36 273
448 352
148 94
311 457
366 462
312 109
12 245
445 202
223 320
259 302
107 3
215 332
131 86
70 241
166 257
393 120
123 240
85 266
318 467
148 18
17 63
79 431
232 147
426 325
273 16
170 435
373 82
238 244
321 392
146 89
162 404
71 125
445 304
430 386
275 414
381 73
379 254
224 217
279 50
45 61
23 125
173 217
78 241
380 257
275 387
213 199
108 7
328 332
215 210
154 295
400 342
28 389
468 437
337 378
86 391
315 266
364 327
150 85
206 66
286 256
27 164
59 86
115 85
52 440
195 373
201 133
56 148
264 358
260 386
125 219
359 129
5 393
4 22
203 313
198 384
350 60
203 21
37 277
288 275
399 85
203 445
3 80
235 151
218 465
372 321
88 305
208 84
338 408
159 199
103 191
108 467
406 5
46 148
250 315
261 87
402 175
422 150
213 380
454 94
119 312
91 236
378 177
85 268
43 369
126 233
118 86
163 384
381 331
141 189
70 233
52 276
128 235
176 92
134 386
131 88
172 45
261 241
260 398
160 49
154 91
184 152
424 359
204 206
404 163
95 66
53 33
208 138
5 220
278 60
386 265
332 50
152 307
314 307
65 421
71 180
361 395
137 189
378 68
112 113
113 71
176 5
3 362
374 445
238 106
359 101
401 169
252 102
339 415
375 227
137 412
337 52
363 196
354 134
171 431
92 337
226 101
316 405
401 164
208 366
341 325
311 132
252 235
84 307
70 459
315 303
8 309
6 257
200 102
253 77
71 143
355 431
430 461
403 118
218 419
132 324
376 410
394 207
146 177
127 17
328 105
206 337
355 303
187 76
421 465
8 173
295 373
18 370
322 161
410 321
139 304
281 415
311 315
300 440
47 13
112 72
289 116
340 164
113 178
386 220
453 345
102 299
30 243
411 106
208 355
112 452
102 210
412 127
212 10
458 206
407 167
182 293
273 57
90 165
198 271
437 105
140 239
104 449
88 287
160 99
162 142
37 309
445 417
267 269
321 403
455 229
255 389
446 267
288 118
351 410
371 341
212 339
114 6
360 413
149 328
460 361
339 466
98 140
147 238
328 228
433 216
331 406
162 305
334 266
291 309
123 101
466 152
325 282
436 246
124 459
389 131
63 181
36 200
9 439
264 115
314 56
216 79
47 216
296 278
417 67
153 233
214 269
201 416
334 99
205 256
331 173
301 174
310 198
327 263
216 144
145 382
126 109
286 103
434 143
89 120
367 228
186 51
417 351
415 162
14 109
321 278
302 205
280 95
156 381
26 215
255 22
217 442
86 228
184 381
440 127
194 332
52 67
51 286
366 37
317 352
189 453
432 70
428 414
382 169
457 108
96 320
336 201
64 316
452 44
293 299
197 56
366 280
445 340
59 25
348 337
225 144
104 61
83 231
376 232
228 41
457 261
430 2
93 445
394 50
111 309
273 299
2 7
297 410
1 133
58 27
216 14
53 10
321 99
413 42
405 139
69 293
249 219
87 98
93 107
435 110
384 331
305 364
153 215
235 130
392 228
36 241
375 248
428 396
306 218
250 246
104 140
137 143
35 378
122 387
56 118
12 196
189 419
227 78
352 401
25 366
183 368
18 345
326 432
447 56
267 458
426 107
147 118
72 294
310 15
6 189
274 18
36 190
340 324
237 178
399 187
230 36
116 209
250 258
224 25
293 213
278 280
342 233
381 425
210 255
271 137
268 121
60 464
364 246
460 210
335 463
272 263
210 391
385 431
322 404
302 123
102 207
437 214
112 380
82 129
248 460
63 108
26 166
269 27
190 303
222 305
79 129
349 40
205 23
337 427
158 439
254 178
414 367
335 206
42 1
34 211
29 387
223 252
422 28
41 163
256 433
168 466
75 276
245 274
400 345
181 204
460 456
50 51
333 468
384 176
60 443
426 402
297 207
58 370
339 151
73 168
121 268
320 308
230 365
92 38
210 231
420 58
38 254
321 421
124 234
337 466
16 238
185 50
69 105
89 233
466 376
200 314
325 245
397 387
212 279
115 343
135 55
438 362
403 113
452 244
190 393
280 242
44 419
467 19
335 155
186 209
221 73
122 366
137 439
428 71
65 194
89 141
447 241
399 134
339 277
389 240
11 466
251 91
447 284
32 286
217 83
443 418
423 376
459 391
460 214
3 77
370 366
454 196
467 199
359 444
91 403
334 214
171 116
394 173
82 83
293 454
467 180
271 321
284 65
163 333
54 386
452 88
106 464
294 32
465 363
415 423
57 446
450 109
167 3
251 289
347 76
357 203
339 423
198 240
384 30
159 293
63 328
330 344
353 307
397 218
120 160
366 436
151 54
374 109
386 159
284 57
52 309
120 218
7 142
461 334
32 29
430 9
436 115
210 317
68 31
224 13
297 466
156 326
101 83
260 450
172 84
196 455
244 164
214 297
370 379
303 364
283 453
232 343
323 303
226 16
5 384
314 454
402 250
349 336
345 202
198 313
33 383
115 15
11 412
44 426
36 217
436 375
357 226
58 27
10 381
460 444
178 439
452 143
153 258
254 77
273 346
351 161
154 87
70 227
466 145
129 404
166 1
452 124
438 113
210 23
85 459
315 37
450 374
164 178
385 200
102 386
8 351
23 442
278 61
163 45
4 47
273 84
330 257
240 454
247 321
78 325
454 3
280 291
90 308
52 210
75 212
57 45
214 453
147 456
189 235
448 176
9 23
145 452
346 243
319 298
323 86
270 160
399 52
429 383
1 78
291 219
297 324
424 449
40 285
390 192
336 187
457 284
1 184
451 170
278 130
269 182
142 4
400 12
439 215
316 132
267 373
229 402
385 374
173 62
69 106
100 241
341 228
456 198
105 202
61 125
196 459
338 204
20 435
62 29
346 467
120 110
144 326
171 58
153 13
238 168
269 76
149 431
102 270
343 216
412 42
310 406
378 12
422 43
354 88
467 212
125 423
218 409
284 292
288 439
205 249
170 152
32 107
394 94
118 46
249 56
346 86
383 216
215 387
266 167
159 198
279 128
403 370
456 410
96 332
60 461
199 394
322 29
174 180
438 259
250 267
422 318
143 324
414 246
187 343
193 37
323 289
186 373
232 193
292 196
3 316
103 124
197 173
221 411
312 158
325 8
377 341
215 76
132 420
449 163
170 341
32 428
6 382
169 404
328 202
357 195
69 458
285 305
222 377
339 111
301 145
415 228
342 400
294 240
87 16
51 188
409 291
393 244
165 128
115 436
268 116
92 47
275 33
255 83
63 194
236 47
1 270
133 248
188 393
149 361
331 398
161 27
183 171
290 397
79 23
328 69
154 155
279 61
231 46
340 223
322 289
444 413
17 143
162 382
276 150
100 451
365 203
100 128
38 212
48 435
341 239
160 143
368 448
23 27
204 383
5 181
464 441
40 370
214 388
96 173
101 467
406 297
209 208
21 395
93 180
120 241
4 14
358 81
70 460
198 266
296 265
63 338
11 9
70 62
377 280
51 50
242 112
367 378
56 106
93 326
100 69
24 107
151 39
354 12
222 437
237 438
439 20
413 96
41 19
79 204
332 158
413 447
462 158
347 117
63 70
184 215
226 339
419 111
262 301
238 300
210 108
251 127
205 40
