77 838
62 23
32 5
73 12
73 12
70 27
1 5
46 7
72 31
35 43
35 17
69 67
23 73
6 11
58 42
19 72
12 47
59 5
12 49
30 10
26 71
30 21
23 54
50 26
32 13
43 9
36 9
18 10
65 7
30 39
43 65
40 22
51 16
22 21
22 51
18 29
74 66
52 71
34 52
4 49
69 72
28 68
5 16
68 26
33 29
25 75
50 31
7 47
39 63
12 30
29 77
21 3
14 49
47 58
57 25
18 29
71 9
54 28
69 19
51 63
61 40
55 9
10 30
17 53
39 65
19 12
2 52
54 2
33 62
23 11
28 49
60 42
37 9
24 46
3 14
58 36
22 77
19 20
4 27
60 26
68 72
3 1
18 5
75 72
40 24
45 16
53 27
70 43
70 71
13 44
72 26
10 20
76 58
21 13
7 4
42 47
77 52
35 75
49 2
48 15
74 54
57 38
66 65
38 73
10 6
52 74
6 64
54 76
65 44
61 76
72 16
29 72
71 34
28 60
69 11
77 16
43 10
66 15
26 60
28 41
61 13
52 48
20 11
69 32
54 76
13 24
59 17
50 29
69 62
47 29
39 25
66 42
43 3
35 19
56 13
41 16
35 2
27 19
58 19
71 2
64 33
41 75
4 48
72 45
13 29
11 55
46 27
64 50
53 37
29 51
13 11
60 30
70 48
9 6
59 5
67 23
18 56
57 4
48 66
42 54
35 77
19 53
37 76
45 4
74 69
16 33
37 23
22 35
52 23
24 55
63 32
66 53
29 55
70 29
27 49
71 53
12 75
46 68
76 40
63 1
71 1
3 55
39 53
53 12
36 35
68 73
30 27
57 6
24 67
9 76
6 46
28 39
27 19
9 73
18 65
29 7
60 19
38 22
11 68
63 25
32 2
61 36
33 63
69 51
19 43
17 2
48 13
15 48
72 16
40 52
25 15
44 20
72 4
10 20
48 42
46 35
43 19
4 23
40 26
61 8
33 39
53 44
47 35
28 40
14 74
19 25
57 73
63 57
6 48
72 67
43 9
28 5
53 54
41 12
15 70
2 49
3 42
36 19
26 42
12 34
32 64
54 10
6 29
10 20
50 46
54 19
52 8
7 56
68 27
34 45
58 19
60 34
18 70
53 28
4 5
62 28
39 65
43 18
50 37
58 26
13 55
71 45
60 22
70 34
31 53
69 15
69 72
19 55
77 65
77 50
75 11
67 62
25 71
54 8
7 11
11 12
19 1
50 4
33 75
29 7
7 72
6 16
25 62
66 18
47 14
75 15
62 32
69 21
13 71
18 6
72 76
11 21
57 1
47 31
23 56
72 33
39 8
70 9
5 62
7 48
18 35
77 75
61 25
23 47
17 27
77 25
10 36
47 59
54 35
72 13
22 31
7 61
71 25
18 12
58 20
19 56
74 14
15 75
66 57
72 34
45 58
54 76
31 54
52 10
15 5
70 8
9 15
72 23
71 4
47 19
48 19
42 12
66 76
61 71
23 38
16 69
53 26
40 47
37 46
5 16
51 28
42 64
67 23
42 41
22 39
11 58
21 10
62 48
22 19
19 18
61 65
48 40
23 26
63 43
8 68
58 11
19 30
22 15
67 74
23 35
61 37
26 8
15 12
43 21
39 46
36 7
20 56
38 40
44 72
75 9
56 28
60 36
17 72
10 16
76 71
41 72
46 33
3 4
61 38
51 31
75 26
14 28
7 30
17 11
15 57
62 29
61 23
28 51
73 9
60 19
77 30
29 52
17 3
24 3
62 63
56 67
57 5
35 53
73 36
16 36
10 46
38 54
10 40
34 4
19 46
34 14
54 55
12 50
46 60
17 32
20 49
48 44
39 22
65 55
57 40
5 6
16 44
4 28
18 20
27 2
44 25
60 77
7 26
14 67
67 23
63 33
12 35
32 33
13 51
70 71
73 45
62 55
53 29
59 48
36 62
76 42
40 44
42 50
77 52
56 25
46 40
30 9
63 3
31 43
18 37
40 27
36 19
52 4
73 20
71 77
33 52
39 44
8 75
34 32
51 77
76 17
22 27
38 73
19 72
58 26
38 68
7 77
67 11
67 42
23 76
25 44
22 65
1 67
23 11
3 74
14 75
30 63
27 22
52 72
46 1
62 51
34 22
26 44
53 72
72 7
50 77
8 53
49 19
8 1
57 12
15 72
14 19
23 65
11 41
11 17
22 42
44 3
23 24
48 1
33 46
11 9
53 60
44 69
69 39
60 45
12 16
29 4
12 53
15 51
51 5
25 45
74 1
44 30
16 65
26 76
43 28
69 25
76 65
34 59
22 1
70 77
1 7
25 64
1 74
41 47
27 5
77 36
13 75
73 54
48 61
74 34
25 34
14 62
11 39
75 53
72 2
39 77
21 50
5 50
41 75
48 1
34 70
11 22
36 4
5 54
15 41
64 17
48 61
11 68
36 6
59 66
2 33
69 15
2 48
4 63
45 37
73 68
8 28
33 4
19 26
42 23
45 5
69 77
69 4
25 38
22 61
75 62
69 67
70 51
61 9
28 65
18 48
20 11
61 46
14 53
1 12
46 30
49 4
31 54
16 28
65 28
11 41
69 77
43 42
51 53
62 29
17 67
59 62
72 32
50 24
33 11
11 44
35 67
5 45
73 55
50 2
17 4
68 27
36 9
30 42
55 34
61 10
26 33
75 60
28 75
13 67
14 32
39 48
41 40
2 58
44 77
69 37
69 32
37 55
49 37
11 39
56 72
45 77
77 9
2 17
77 76
71 29
75 65
11 46
31 52
14 75
1 47
24 25
15 5
14 31
44 74
13 10
43 60
19 7
43 65
16 26
41 62
33 4
10 71
25 43
45 65
38 21
10 22
1 27
76 54
24 13
9 16
69 43
45 30
18 76
11 70
68 63
39 24
28 35
11 55
7 61
26 54
45 47
6 49
38 1
19 67
61 13
36 37
70 68
56 7
62 58
74 21
14 37
64 31
44 24
11 3
24 46
64 70
3 47
31 55
6 70
64 49
12 21
9 3
15 48
58 44
2 69
28 8
70 7
44 31
33 38
67 33
63 41
18 70
47 53
77 49
30 20
8 39
68 66
44 17
58 61
53 10
49 30
19 46
2 18
34 39
67 55
61 65
37 51
24 69
19 73
39 53
12 23
60 65
42 60
52 35
63 26
30 24
50 76
52 64
15 13
51 41
59 14
30 26
47 61
7 41
48 7
8 31
31 54
31 33
70 63
34 57
48 19
69 46
16 15
35 38
6 17
43 21
22 13
72 23
20 31
20 14
57 9
56 62
53 55
67 16
6 36
57 3
27 29
44 33
33 64
56 53
76 70
14 54
68 25
41 53
20 49
38 41
3 28
74 3
8 6
72 9
22 54
40 54
61 47
45 54
59 76
31 43
10 61
35 3
58 54
9 50
60 71
6 40
18 58
77 45
25 60
12 6
28 10
61 23
39 76
21 46
72 36
62 19
68 38
56 53
56 50
3 30
65 67
32 31
33 62
57 7
67 52
28 16
20 60
6 5
46 63
50 37
67 29
21 27
65 49
9 24
57 5
75 65
56 17
48 25
73 67
8 50
69 26
53 36
73 21
72 63
39 22
49 37
1 15
63 9
21 49
2 31
57 24
48 68
6 8
2 73
66 11
65 63
34 44
32 29
16 38
76 55
55 4
40 69
45 16
27 49
14 17
50 74
55 62
7 50
1 9
25 21
32 7
61 41
39 8
29 67
13 11
18 44
39 2
39 32
26 22
75 44
4 11
