656 75
514 463
142 579
552 424
588 226
426 88
267 480
375 282
566 289
517 349
572 620
13 338
96 30
189 112
553 328
629 368
386 573
138 370
251 373
565 342
295 397
5 387
140 212
281 612
391 80
391 342
357 87
392 11
426 550
345 282
334 541
188 157
315 625
69 225
192 345
174 345
417 561
67 364
53 74
598 131
22 296
460 156
229 611
478 121
436 70
537 49
58 531
111 142
98 110
451 110
204 477
289 482
314 446
68 130
100 113
222 631
437 570
452 207
76 112
191 413
45 528
156 614
461 299
28 341
89 20
549 648
367 323
128 368
243 277
9 501
59 537
354 256
356 132
79 335
27 510
171 101
