588 602
548 339
184 193
5 91
319 122
375 37
550 2
272 158
381 496
110 565
439 292
327 185
492 426
277 577
102 315
259 300
424 248
439 553
434 42
126 16
156 439
183 107
62 407
208 309
218 164
59 47
77 546
443 262
246 200
276 66
311 26
426 483
334 36
335 570
493 97
45 168
18 86
541 36
444 435
482 368
320 262
566 103
517 235
216 246
508 325
257 171
177 40
323 557
496 64
573 431
298 572
520 516
221 9
208 516
235 131
385 133
471 391
302 83
342 324
290 65
136 53
186 231
425 457
53 370
317 547
532 10
359 446
457 163
526 51
508 391
195 210
185 422
404 484
244 159
273 120
82 232
209 25
213 461
366 161
251 338
214 558
140 17
142 500
368 145
479 344
193 246
316 556
119 542
586 524
339 229
476 151
139 342
56 516
81 472
180 429
304 406
321 428
317 523
183 76
79 454
270 509
176 64
355 505
178 273
341 8
387 467
25 537
409 275
275 62
258 25
203 188
281 561
576 21
564 536
544 200
400 395
534 516
216 421
335 14
562 132
22 394
504 380
220 370
364 91
356 27
509 110
19 179
40 19
46 533
79 501
391 215
26 55
424 371
477 233
120 314
451 109
440 256
546 460
487 191
389 543
86 168
8 150
553 364
64 244
324 492
512 4
239 154
449 54
95 2
567 449
22 549
218 338
415 29
458 511
480 427
7 78
149 192
113 125
372 281
405 293
120 231
111 240
20 127
449 93
98 247
375 179
214 440
473 267
151 502
567 258
214 130
66 508
494 247
440 328
132 445
307 197
208 585
74 438
527 168
527 494
484 20
364 82
411 233
94 410
20 577
153 564
581 353
386 309
564 14
515 41
506 224
99 168
39 218
211 223
167 272
434 147
510 180
474 67
465 122
141 13
415 360
485 157
409 271
352 482
575 23
124 82
36 27
352 586
190 235
449 4
232 544
306 376
22 431
421 347
324 310
356 427
555 518
49 309
583 72
435 61
123 348
346 226
420 41
442 480
3 538
149 224
82 50
420 39
51 350
210 255
473 294
13 424
352 279
331 249
582 528
395 452
565 156
217 414
310 486
202 49
5 201
101 203
154 500
367 526
361 59
560 474
359 72
567 21
275 100
279 232
282 463
200 155
472 108
6 325
232 394
546 477
52 35
203 494
414 169
487 44
496 364
87 453
14 354
211 180
227 456
103 270
331 578
327 392
344 414
40 79
16 305
168 96
316 173
498 264
276 338
488 525
133 169
56 402
542 175
35 19
568 563
1 147
382 436
219 113
365 284
427 512
385 568
11 347
270 358
187 65
8 73
102 453
303 180
77 511
24 156
137 110
122 577
164 196
298 585
384 585
163 69
523 460
331 566
468 425
469 142
488 285
312 408
234 281
242 255
464 179
107 340
292 3
9 303
308 40
311 494
526 444
583 218
340 280
514 168
345 266
109 125
559 257
142 338
27 464
559 21
248 451
395 586
436 548
550 280
313 395
489 13
6 459
280 21
303 207
247 188
560 186
66 331
51 359
129 308
517 418
496 414
54 369
424 373
166 584
244 400
432 341
113 36
226 193
151 292
583 213
93 560
517 186
357 77
204 317
453 336
21 47
235 155
472 435
547 138
505 371
267 143
320 327
114 7
5 298
562 2
313 427
424 487
446 369
333 358
359 491
483 228
110 336
304 115
132 324
50 211
353 478
456 534
5 448
136 4
60 70
487 188
207 251
565 165
45 135
394 10
215 435
166 215
256 440
121 574
445 492
392 275
182 255
330 283
456 128
516 481
321 278
345 460
415 107
371 191
421 16
328 510
128 539
518 94
63 231
548 264
564 92
482 134
141 476
89 276
183 444
540 349
330 369
500 20
92 103
566 396
154 449
536 148
474 410
383 479
447 502
256 109
511 531
142 388
424 57
233 329
272 78
162 292
306 523
161 371
250 293
230 48
504 225
529 402
486 248
466 312
541 55
469 178
240 461
142 66
281 408
207 208
295 232
433 275
570 80
143 6
154 243
299 19
364 216
119 535
15 474
393 572
180 292
179 110
470 34
393 331
228 307
445 331
586 401
282 328
272 33
510 259
538 552
526 390
521 358
110 100
121 495
378 583
412 317
515 285
318 247
304 531
179 309
355 102
563 373
386 396
334 188
364 292
222 331
187 284
519 60
164 35
25 98
346 300
476 192
206 227
104 474
208 506
515 195
461 425
90 398
319 311
320 368
404 11
91 180
150 497
225 235
393 542
444 140
109 211
370 318
268 238
246 1
530 175
21 367
504 324
414 481
584 382
215 320
204 74
278 233
43 533
56 209
26 164
45 577
413 497
214 463
196 300
281 307
205 546
1 231
516 62
292 488
567 155
307 306
226 440
289 352
73 112
432 122
418 250
11 81
370 146
474 171
284 366
502 208
206 309
494 498
374 348
519 506
246 140
404 124
445 65
262 95
192 303
534 351
474 303
194 9
416 354
64 515
482 187
503 333
116 88
440 236
501 377
190 131
472 436
359 350
529 478
149 473
513 33
77 83
219 212
59 164
440 290
511 13
24 143
10 340
331 77
300 562
541 436
156 212
18 347
42 30
159 250
76 358
58 146
433 390
94 287
1 458
529 381
336 275
501 414
318 583
467 474
304 159
215 560
134 395
490 38
464 18
134 109
221 23
277 362
98 448
454 570
392 151
99 71
290 373
502 205
180 409
193 30
494 355
477 510
118 174
50 264
