565 134
129 484
348 99
138 112
346 177
407 430
13 247
180 97
23 361
258 415
202 480
16 374
287 462
229 321
187 95
331 186
527 448
352 533
361 314
202 516
230 42
188 375
187 528
19 219
278 6
153 550
563 78
525 160
196 564
510 391
557 142
140 484
67 480
389 350
430 435
160 235
56 482
191 364
24 528
381 297
14 125
12 30
60 530
402 149
166 110
376 442
34 77
301 289
136 202
107 384
19 234
219 66
206 499
418 406
250 171
500 135
336 427
535 154
166 189
142 299
303 50
110 201
215 113
317 255
419 161
485 500
289 55
33 243
503 196
302 529
495 506
153 110
77 50
170 522
59 250
223 564
159 252
7 546
422 436
278 475
30 362
266 32
168 227
375 428
214 287
413 175
352 312
279 32
328 395
198 158
67 196
36 309
388 542
345 77
549 115
231 476
356 209
429 535
248 534
341 297
300 311
192 516
25 52
85 275
508 22
192 366
508 88
67 69
562 208
276 236
508 471
259 340
520 247
289 195
561 167
136 64
6 420
206 424
242 229
502 73
13 333
297 166
1 546
251 346
197 219
87 185
182 19
443 171
191 476
249 33
20 48
546 556
303 155
458 484
54 174
