300
32787
5114
66751
8028
56548
78328
60920
39081
37231
88837
45979
85497
59532
39543
35744
68600
52095
13876
19048
13550
4287
17236
53009
49737
46061
44465
99669
86158
3565
29485
18991
6639
62315
31447
36070
28316
78356
29054
51184
64475
37299
45977
90983
12628
52365
60159
95042
15999
68851
69482
77416
28815
35320
32483
61048
99160
25487
83683
40897
10212
51250
40765
85272
47041
35401
86622
46846
63071
59155
24100
37999
41554
99916
93868
27712
9674
26331
94720
37067
63456
60869
41487
73392
48308
74045
64010
60166
33747
52016
93952
37062
16563
8834
17416
90149
6579
23424
34649
71833
37944
33088
51103
31099
28997
83670
35194
79834
61322
81513
32644
11795
52274
41980
93894
5000
53326
47770
90466
3449
36674
54553
24602
96330
63080
80198
84057
97142
39312
58816
82408
69517
88721
17432
17548
86888
51018
83705
80853
75028
53415
85751
50852
6724
39996
12780
92772
53997
49825
67278
2173
38781
97951
79217
49648
5529
28600
561
91310
19830
67424
13342
65518
44005
21678
28701
15543
51732
70805
15643
32751
48358
45659
74833
3383
28872
87938
62598
61858
80421
34007
63087
42500
69936
47518
76188
23710
7624
76586
49095
50204
79652
79835
91826
68452
90786
87483
39764
76247
29071
57157
84524
22092
95451
57453
77002
27342
28966
36588
62053
7664
88492
44836
54262
42623
78319
46094
74507
78299
49234
26301
1169
1613
94814
52689
97094
74221
63880
15240
25090
76824
80154
48096
58798
56799
19266
21066
49275
48336
16117
49806
33035
23787
50266
93063
64759
24039
73415
41116
46858
63320
36801
68109
85820
48678
65144
15771
85801
22753
97855
12797
64612
45843
13097
2976
84050
17278
13730
66710
92583
74031
98360
17308
32462
75026
1698
33194
48789
90293
56935
30822
6216
64843
99162
27374
71178
34595
66686
60749
43602
23227
38398
13048
75810
36485
51101
39761
27222
39027
85226
60407
