561 764
1 1 1 2 3 4 3 4 3 9 3 4 8 12 11 7 17 14 19 18 15 13 15 17 16 23 18 18 26 27 29 28 25 29 35 27 36 28 37 38 38 38 35 34 45 40 42 40 47 49 47 50 49 45 49 46 53 54 55 56 58 60 63 58 59 65 66 65 60 70 63 67 71 70 72 68 77 71 70 80 75 81 80 83 83 79 87 80 88 83 82 82 90 84 86 94 95 89 90 99 98 98 101 102 97 106 101 102 108 105 111 110 103 113 106 108 109 114 114 117 111 113 119 123 121 119 117 127 120 123 121 126 130 131 131 126 132 136 132 135 134 134 143 137 142 141 142 139 139 143 149 149 151 145 150 149 155 155 157 156 155 155 160 156 159 161 160 167 163 162 161 168 165 170 168 174 174 172 172 170 179 178 173 181 179 182 185 185 183 181 191 186 193 188 185 192 193 196 199 195 201 198 194 195 197 206 207 198 202 201 202 203 213 212 208 216 217 215 219 214 212 217 218 223 222 222 217 218 224 227 221 228 225 224 227 226 234 234 239 230 237 236 235 238 240 236 243 238 240 246 243 247 248 244 252 256 252 249 253 254 254 252 255 256 258 266 264 258 266 269 270 264 273 271 274 268 277 277 272 278 273 280 275 274 279 283 281 287 285 280 281 289 291 286 294 295 296 294 296 296 296 301 300 296 300 304 298 303 306 303 305 306 305 308 306 310 314 315 318 312 311 319 316 317 316 317 323 325 320 323 328 324 333 326 332 334 328 331 332 330 338 334 336 338 343 345 338 342 344 350 346 348 349 346 355 356 354 350 352 359 352 357 360 361 360 358 366 359 364 362 364 366 368 371 374 371 368 375 372 380 372 372 376 376 379 385 381 383 387 383 389 386 388 388 393 389 387 393 391 398 397 394 403 394 400 398 397 405 401 401 408 406 403 412 413 408 413 408 419 412 411 421 419 421 419 423 426 423 426 423 424 425 425 425 426 434 430 430 434 433 438 439 434 437 443 442 443 443 447 450 449 449 444 453 446 450 456 454 457 458 456 454 455 464 465 463 460 466 469 463 463 471 470 473 469 470 469 475 479 477 474 473 475 479 476 476 478 485 482 489 485 484 492 491 489 493 496 497 494 494 494 492 499 497 497 498 501 507 499 505 507 504 513 513 506 515 508 508 513 516 513 521 514 514 517 521 523 522 526 526 531 527 528 534 529 533 536 530 533 531 536 532 536 537 540 541 542 539 540 549 549 551 547 545 554 554 548 557 549 558
1 1 1 3 5 1 4 4 8 4 4 11 10 4 13 16 7 15 13 18 18 17 13 24 18 20 26 21 25 29 24 23 29 29 28 36 37 35 32 35 41 37 35 44 35 41 44 48 47 47 46 50 45 48 49 49 50 49 55 58 55 61 58 60 60 61 66 60 61 68 71 68 71 74 73 73 77 71 70 78 81 75 77 78 81 76 83 79 80 81 85 85 89 90 85 87 87 89 97 95 96 99 98 104 102 103 97 104 102 105 101 110 113 112 114 116 112 118 117 112 114 121 116 123 122 125 124 122 121 122 123 131 129 125 127 131 129 131 130 135 140 141 134 137 142 146 139 142 148 144 145 146 143 147 150 149 156 152 156 151 161 152 153 161 164 165 164 164 160 164 163 166 169 171 166 176 176 171 179 176 171 174 179 184 177 176 178 186 187 189 190 186 186 190 188 194 190 193 194 197 195 202 194 202 200 204 206 204 202 207 206 202 206 211 209 208 211 218 219 220 212 214 213 217 220 217 222 228 222 221 226 230 233 230 234 228 228 231 234 235 232 236 242 234 235 242 245 241 244 248 249 246 252 246 254 256 249 256 254 255 257 255 257 255 258 258 259 264 269 263 267 264 271 268 268 272 277 272 277 280 276 275 277 276 285 284 278 284 287 288 289 282 291 287 294 288 292 295 296 292 295 294 298 298 298 300 305 298 307 309 301 310 310 309 309 316 314 316 310 319 312 316 322 315 322 323 319 323 322 329 321 328 326 332 330 328 335 329 331 336 335 337 335 335 339 339 340 338 342 342 347 342 343 353 346 356 350 354 359 354 353 358 360 358 362 361 362 358 365 365 366 362 363 367 366 367 369 374 376 375 375 372 377 383 383 382 387 388 388 389 386 391 386 384 395 394 393 393 399 393 400 393 397 399 404 405 399 407 408 403 409 407 409 406 409 409 409 418 412 417 419 419 423 421 419 426 420 428 421 420 424 424 426 425 432 436 431 438 437 440 431 436 442 438 442 444 438 445 439 441 447 443 447 453 449 452 457 453 458 456 451 457 461 460 460 458 463 461 469 463 465 472 470 474 465 468 475 477 471 476 476 481 480 478 479 484 477 487 487 486 489 489 489 485 485 488 492 491 499 492 497 501 503 494 496 497 502 507 508 503 502 512 509 506 510 506 515 510 515 517 520 517 513 516 521 519 525 524 520 526 531 529 533 528 535 530 533 537 532 535 534 539 535 543 545 546 546 547 540 547 543 543 547 544 551 556 554 554 552 559
267 94
516 25
331 230
143 521
37 518
551 143
553 271
507 108
437 547
409 212
522 376
363 511
497 36
392 152
400 296
492 446
432 507
201 320
121 249
108 369
281 449
116 486
538 473
225 138
129 534
301 207
254 507
352 92
256 99
533 48
180 362
537 547
312 171
561 347
542 431
532 116
310 473
146 550
266 345
158 136
386 470
128 477
415 255
154 17
74 455
152 367
122 452
465 533
531 550
58 213
418 390
64 468
388 546
136 408
391 183
149 185
238 21
251 323
94 187
520 519
507 559
519 331
280 162
185 323
335 384
10 534
407 556
542 393
340 11
458 493
392 130
39 524
15 133
138 95
501 494
11 68
451 407
486 231
324 287
84 243
17 473
127 321
200 389
179 5
503 482
407 64
435 177
433 318
229 473
380 115
519 64
69 551
127 120
558 103
409 216
297 212
481 451
146 294
454 15
356 87
170 77
528 444
232 314
78 468
187 506
13 97
110 204
478 494
218 480
506 10
438 387
322 558
133 559
541 124
224 245
509 522
110 537
244 459
307 98
140 38
274 359
60 439
503 466
536 304
154 283
21 191
333 522
265 76
104 527
285 428
12 286
131 280
277 186
460 541
113 5
485 362
359 415
319 395
332 477
28 162
413 288
220 46
227 165
444 215
155 395
182 421
456 390
217 397
116 100
344 178
202 202
12 200
161 315
492 58
267 43
64 400
198 438
363 376
145 289
174 332
168 125
328 388
72 121
53 400
474 489
262 32
257 69
399 92
343 11
171 234
268 217
429 51
418 240
320 148
448 539
304 525
3 290
77 460
459 60
74 306
134 545
506 253
344 358
339 457
522 164
151 459
112 145
419 469
507 72
369 264
400 307
409 150
129 520
413 7
265 537
434 408
273 274
525 280
503 299
360 510
83 365
261 417
114 317
51 354
378 360
481 124
432 257
315 226
279 63
359 51
96 249
240 185
207 164
48 33
265 338
510 541
124 514
500 332
156 81
204 269
461 28
374 428
501 13
31 540
31 537
211 190
254 515
438 161
353 352
105 302
79 135
324 124
55 304
33 550
323 86
331 367
439 394
377 444
46 340
74 69
9 196
115 555
355 162
338 479
151 333
556 116
495 471
381 109
490 296
419 476
367 439
163 219
538 252
79 545
113 300
350 109
148 226
391 412
238 513
451 80
553 342
287 137
534 138
347 43
534 540
285 285
171 211
73 410
442 261
243 27
375 97
124 501
384 437
395 199
539 262
90 128
441 106
380 514
31 324
468 445
211 16
171 371
177 301
252 381
450 236
152 555
222 376
196 170
166 98
92 457
436 300
327 23
102 193
53 356
381 509
281 329
83 129
27 220
342 4
382 543
505 372
211 104
420 218
290 2
171 475
519 272
209 315
142 11
1 327
186 374
423 557
494 544
198 187
293 257
12 454
93 412
113 27
369 468
132 470
84 480
155 534
212 31
54 538
149 183
193 514
99 437
403 484
541 408
557 473
490 396
369 255
521 296
240 418
59 154
148 11
95 115
333 288
515 197
122 323
449 219
224 151
542 35
183 50
543 6
521 296
159 43
427 337
304 170
262 467
327 424
65 250
430 207
362 360
526 164
509 231
202 85
510 466
429 59
467 495
493 240
420 270
249 261
347 71
245 316
353 372
21 215
114 498
385 165
328 458
392 140
473 514
173 481
34 190
357 330
96 24
439 173
74 394
535 226
164 53
75 48
350 51
338 561
117 148
167 235
372 544
175 538
113 146
312 480
537 95
259 154
105 6
349 475
146 30
306 414
40 113
268 337
327 261
128 196
80 425
93 84
225 502
151 242
35 298
162 326
9 35
428 144
26 47
37 213
253 428
330 359
211 57
355 163
221 53
1 126
485 61
40 88
459 320
55 298
542 407
3 107
548 244
412 298
204 214
162 413
139 492
462 205
535 279
346 12
538 491
488 109
12 153
324 319
372 241
260 512
124 494
167 171
320 221
299 539
170 447
183 343
543 221
344 480
459 122
103 15
350 192
415 153
498 91
363 390
106 326
171 477
437 555
17 278
329 301
100 403
195 226
553 12
86 226
492 105
272 439
301 95
468 118
214 221
364 212
113 372
382 156
61 198
505 410
243 541
452 109
105 503
317 435
400 497
297 380
350 66
314 346
269 355
424 415
161 220
454 365
271 7
349 381
327 421
95 258
209 188
514 85
351 48
376 399
380 484
258 532
201 149
440 32
118 314
263 288
127 212
440 299
434 358
298 452
451 462
479 148
16 428
90 311
209 307
436 340
182 231
249 93
381 121
559 297
42 49
512 443
135 337
16 295
408 121
11 332
196 43
532 178
506 231
126 5
277 491
409 273
29 335
12 467
152 352
269 539
282 531
426 186
208 452
334 257
249 542
138 261
341 292
502 65
100 429
399 445
157 419
58 391
503 64
416 402
541 149
40 77
40 409
301 554
139 441
299 467
67 289
129 101
216 500
259 341
431 523
99 313
445 523
518 509
17 216
80 513
250 318
388 247
549 169
413 522
488 289
473 343
47 351
174 323
526 416
539 33
478 326
200 227
183 418
70 28
299 519
509 237
75 365
330 473
447 374
66 237
281 213
146 523
425 342
516 97
547 122
392 260
166 234
453 526
529 180
540 214
95 88
149 517
501 31
25 508
409 83
398 24
410 195
518 426
139 332
121 227
552 286
454 380
185 515
201 142
320 546
5 371
213 231
143 335
209 374
504 134
96 393
52 2
464 121
215 131
546 369
555 471
276 400
33 392
127 343
35 3
559 265
367 511
419 497
262 530
246 217
142 99
511 361
194 397
109 538
3 406
481 319
454 50
552 38
371 445
426 421
316 164
214 279
60 168
300 52
556 414
516 85
97 182
63 93
332 1
490 206
396 80
51 330
60 278
326 249
472 408
241 481
211 504
84 357
452 276
283 53
463 39
514 558
529 342
116 532
278 264
253 335
247 152
235 67
326 173
533 45
255 327
236 336
489 547
459 88
356 7
415 431
468 399
10 505
222 385
532 429
461 80
6 377
427 472
349 443
399 130
143 474
379 534
260 507
340 399
25 33
174 68
101 299
7 549
184 301
360 371
430 324
363 338
540 519
350 125
148 228
341 520
524 546
329 487
286 16
202 347
67 342
198 91
50 407
355 32
478 473
185 412
336 395
283 61
296 212
300 184
300 105
62 78
420 88
509 414
137 179
362 397
160 556
444 321
28 201
490 453
514 145
522 32
388 389
263 7
60 537
279 423
173 302
314 171
305 227
100 133
273 114
263 276
35 493
112 419
412 198
31 29
499 535
309 33
220 512
271 221
214 53
9 5
493 71
317 69
41 127
295 505
58 347
523 448
492 152
237 499
508 510
72 363
157 333
14 242
72 24
21 340
195 530
487 386
496 505
492 42
106 351
481 256
52 128
384 181
269 245
220 96
334 97
1 106
282 297
130 137
138 51
