395 881
1 1 1 1 1 1 1 4 5 6 10 12 12 13 6 12 16 18 18 11 13 18 16 16 22 24 26 20 20 29 27 30 30 31 30 36 31 38 36 39 36 39 36 43 38 38 47 46 44 43 47 48 52 49 52 56 56 52 59 57 56 62 58 60 56 66 62 65 62 65 67 67 64 69 67 74 70 71 75 75 74 79 81 78 80 82 81 87 83 85 88 91 87 88 92 89 90 93 94 97 94 97 103 103 98 98 99 99 105 106 109 104 113 110 110 112 114 118 115 116 115 115 115 119 122 126 120 120 123 125 128 130 133 131 128 133 135 136 130 139 138 136 134 139 138 145 143 144 149 147 142 150 145 145 151 152 149 151 152 153 153 159 159 158 160 160 162 159 164 166 163 165 170 172 166 168 174 170 178 172 173 180 174 177 178 183 181 185 181 185 184 188 193 193 189 193 193 196 194 200 192 195 194 199 196 201 198 201 208 209 209 203 204 210 213 215 209 210 217 215 219 216 216 215 222 225 220 220 227 225 227 226 225 231 228 231 236 229 238 240 233 235 236 239 243 237 240 246 243 245 251 251 252 249 248 255 257 258 256 252 261 254 255 261 258 261 260 264 269 268 262 264 273 273 275 273 270 277 275 278 279 274 280 276 277 277 280 287 285 287 289 283 289 293 295 290 290 292 294 298 301 293 298 302 303 301 303 301 304 303 304 308 304 310 313 307 317 311 310 311 317 317 322 315 318 326 319 324 320 324 325 331 329 327 335 336 337 329 331 337 340 334 334 343 336 344 344 341 347 348 350 345 344 346 353 348 352 353 351 357 357 358 357 363 357 357 359 368 362 368 371 368 371 369 367 373 368 374 378 376 372 374 376 379 376 378 381 379 386 383 391 383 392 388
1 1 1 1 3 1 1 1 2 2 6 11 11 10 13 10 15 16 15 15 15 16 14 17 23 21 24 21 27 26 30 25 33 26 29 35 28 35 31 31 32 33 39 38 38 39 44 43 41 41 42 50 47 54 46 53 49 58 53 55 61 58 63 58 61 58 65 65 64 68 71 71 67 70 73 76 71 70 78 78 76 80 80 78 85 83 83 82 83 84 86 85 89 89 90 91 89 93 95 93 99 93 101 95 103 98 102 100 100 105 110 112 104 111 114 115 108 116 111 118 117 119 114 123 120 125 125 127 125 125 123 123 125 134 135 127 136 137 136 137 141 135 143 136 145 138 141 140 149 146 147 143 151 147 150 148 154 150 153 151 155 159 162 163 158 162 166 166 160 163 164 163 167 168 174 176 171 170 176 180 179 179 174 179 184 185 180 182 187 182 190 191 185 193 187 191 194 195 193 197 196 196 198 201 204 206 198 206 208 206 206 203 206 207 214 211 213 216 213 215 221 215 215 222 222 225 221 221 229 221 222 225 230 230 232 234 230 230 233 233 233 236 242 239 241 241 246 240 242 248 248 248 244 246 251 251 254 252 256 257 254 255 255 256 263 266 264 266 269 261 268 268 272 270 272 267 274 277 278 275 274 279 276 282 276 286 282 288 283 281 282 291 291 291 291 288 292 289 293 292 295 293 302 301 299 297 307 303 308 303 311 312 313 310 314 311 317 313 315 311 315 318 323 319 322 319 323 321 325 323 327 325 329 330 334 331 334 335 336 333 333 333 337 338 339 337 347 339 344 347 342 345 348 347 355 356 353 350 359 355 352 358 355 355 356 358 367 359 363 362 364 367 366 374 369 371 370 372 376 377 378 377 382 383 384 386 381 381 382 382 389 388 393 386
186 327
97 231
329 121
51 107
225 230
299 227
173 263
389 128
263 350
147 196
186 38
249 88
301 233
64 138
225 284
376 377
1 322
89 350
246 46
362 325
364 138
103 381
133 332
33 139
97 206
62 240
92 114
89 349
90 23
159 246
343 26
38 264
250 113
60 113
331 11
34 190
109 378
231 231
309 323
60 156
152 69
213 222
163 176
100 268
260 40
307 73
96 346
99 317
58 88
172 53
356 299
59 116
281 244
38 55
9 93
363 14
223 259
196 72
7 32
373 365
75 42
348 202
313 106
327 60
321 15
247 109
69 122
187 351
336 330
32 311
102 63
116 153
42 89
350 81
48 92
107 190
204 143
43 54
368 211
288 345
115 238
121 215
200 114
87 271
255 277
242 79
24 290
220 210
15 40
126 310
211 17
4 329
156 78
184 307
237 345
355 85
317 290
256 129
351 90
219 142
251 77
156 49
167 252
109 199
134 264
26 261
43 354
215 116
170 196
186 130
5 97
276 309
272 249
373 169
275 320
90 46
172 73
149 40
310 366
384 165
313 95
123 293
12 146
275 24
118 71
87 140
185 240
49 2
208 345
64 159
107 162
207 316
218 106
365 380
206 332
273 357
165 27
199 268
193 42
317 25
59 197
383 362
193 230
372 338
66 276
363 329
355 347
9 277
216 285
161 116
44 349
213 390
296 349
265 52
217 156
75 21
95 142
213 80
227 227
243 91
127 123
92 374
311 378
43 246
184 106
260 150
24 342
196 130
56 57
111 344
241 365
112 99
202 209
58 8
342 198
26 301
311 276
87 296
387 19
337 305
318 274
276 271
119 41
220 203
1 148
48 111
273 140
124 269
7 214
199 92
196 62
105 71
239 256
103 314
42 169
69 175
288 69
78 83
248 273
346 357
385 31
296 378
171 145
283 52
239 373
363 38
8 324
382 45
96 122
91 1
328 145
242 388
75 161
271 325
142 141
319 359
51 189
242 72
260 84
118 276
34 210
247 155
375 244
123 166
313 171
171 54
159 131
360 170
84 97
210 337
41 195
385 358
112 167
222 258
53 242
180 376
55 104
344 3
330 167
168 77
235 379
29 18
142 376
325 394
205 297
41 188
192 31
161 52
88 18
231 310
247 273
365 230
344 285
153 70
190 173
174 278
78 286
48 107
102 104
249 207
152 97
23 353
176 116
82 196
330 308
260 56
293 234
245 115
214 195
171 313
289 177
214 250
253 347
108 361
164 366
149 352
272 213
56 76
373 93
276 100
64 349
286 215
52 41
361 85
101 116
291 180
136 80
156 92
103 47
164 254
169 114
372 8
32 44
366 111
312 87
279 151
84 262
56 243
239 374
57 384
39 78
89 305
247 393
284 225
262 13
285 220
147 303
373 244
209 175
194 362
257 252
200 221
275 116
140 345
304 131
19 66
207 68
324 303
395 172
27 261
380 318
288 261
149 35
115 143
88 40
245 284
334 282
316 287
84 99
149 125
288 320
36 29
145 216
234 177
73 212
291 352
299 39
207 135
74 373
377 265
376 355
54 237
342 52
225 246
312 262
48 285
347 72
237 302
223 81
33 201
260 324
43 92
365 246
65 143
157 395
130 282
55 387
195 175
242 211
117 299
280 187
5 144
95 262
361 348
67 173
58 155
265 280
258 263
248 173
87 271
50 107
383 313
175 280
253 260
264 387
206 310
361 122
365 15
330 349
121 16
132 81
3 256
376 126
331 260
254 348
243 275
394 298
343 274
285 270
309 276
353 28
107 256
19 23
392 384
320 24
262 7
289 300
199 122
217 389
183 252
311 384
260 46
269 85
140 105
90 71
195 31
290 244
275 59
89 357
344 339
368 158
157 147
84 386
242 218
201 180
390 216
51 132
263 31
351 357
202 35
364 186
154 244
272 233
95 255
87 354
98 143
387 36
118 283
300 59
154 338
188 235
102 368
374 316
190 252
63 281
150 283
147 79
234 93
273 234
338 133
323 182
159 384
301 365
270 293
250 308
368 112
17 12
113 57
235 369
160 328
258 17
313 56
180 42
282 203
262 388
292 338
180 62
157 100
2 175
160 271
136 32
229 142
69 19
326 110
290 156
56 205
199 24
114 115
214 18
198 97
248 236
309 287
208 82
201 359
210 146
344 191
130 382
188 286
218 139
219 241
3 186
81 30
184 94
92 365
162 208
191 316
394 315
28 10
77 177
347 314
386 201
358 216
386 110
170 305
107 157
25 139
143 223
83 121
14 290
300 115
126 183
97 122
101 235
263 149
257 388
295 261
295 190
104 334
92 168
261 323
348 253
157 109
290 282
261 268
165 377
94 254
215 374
221 219
73 119
57 325
166 112
102 62
390 379
338 46
22 66
22 266
303 81
195 383
262 292
45 162
275 101
45 129
347 156
137 17
29 106
323 20
27 222
255 207
15 280
235 320
119 362
50 371
143 395
300 280
64 167
56 267
51 345
157 213
91 303
168 41
226 334
384 190
180 85
188 227
254 109
95 389
193 169
138 104
199 207
5 250
74 201
166 176
314 249
51 37
334 220
116 109
316 38
386 138
145 344
58 57
62 264
57 149
133 281
324 65
132 138
330 32
67 29
133 303
307 185
68 307
171 326
274 157
63 275
7 263
239 202
73 103
270 268
245 169
227 182
331 62
357 357
192 79
240 305
66 28
326 65
391 153
338 135
275 18
271 247
378 243
83 37
108 306
276 342
255 195
331 289
283 157
136 381
352 298
69 354
269 276
207 200
279 253
390 316
347 203
245 291
213 64
344 318
45 357
103 56
176 10
59 59
266 142
280 13
172 134
36 200
279 163
18 101
58 311
392 6
324 103
44 34
393 198
10 61
235 195
292 207
147 392
9 83
154 22
237 257
66 87
386 303
262 298
169 146
74 65
305 53
137 78
228 75
223 198
215 261
50 51
352 316
109 203
316 66
264 39
25 365
282 213
318 132
269 343
378 213
30 42
200 5
358 359
379 111
94 14
307 112
201 65
178 194
219 358
365 388
127 51
76 246
352 288
210 179
335 172
74 63
8 68
85 263
276 256
229 30
47 385
380 280
393 301
75 36
22 91
327 196
190 247
34 237
91 317
67 47
49 392
127 370
88 336
373 215
320 378
254 38
214 41
314 392
48 308
183 227
201 59
305 377
376 11
81 224
347 41
105 73
5 20
357 172
187 324
25 229
170 29
365 373
91 127
283 186
274 134
348 288
336 280
369 305
197 8
112 271
183 273
46 276
171 199
87 303
305 168
372 167
54 282
165 153
269 319
149 346
202 297
180 47
172 278
38 329
119 279
374 130
328 148
156 187
219 108
258 313
262 308
342 350
251 196
46 190
165 48
23 17
366 88
51 77
239 289
285 185
135 173
15 112
191 134
368 4
265 197
274 363
52 357
393 378
149 286
182 294
334 371
244 327
172 29
365 334
235 357
293 221
192 44
142 234
383 133
376 229
279 154
92 377
353 149
180 109
252 169
142 211
296 63
327 371
201 380
207 246
347 181
22 156
157 164
87 130
285 24
262 271
310 182
203 386
112 194
258 13
3 354
89 123
128 28
71 288
235 62
246 340
108 377
200 154
193 63
34 194
63 271
294 107
229 336
43 271
196 39
52 198
249 318
83 126
182 250
389 133
49 146
45 12
65 19
93 318
93 77
70 376
247 140
9 64
199 105
81 236
261 369
215 179
217 269
235 25
164 198
11 124
365 376
286 217
94 365
351 39
112 296
346 183
265 213
269 155
241 252
163 98
258 91
173 214
4 148
98 355
376 66
146 101
218 27
25 201
370 311
38 23
369 304
194 120
219 250
6 113
9 324
193 342
199 368
102 63
394 213
192 282
322 165
262 349
197 178
271 84
272 258
56 26
340 188
291 254
80 239
259 265
112 87
367 93
270 6
232 81
298 365
140 127
345 15
304 279
210 120
231 246
106 298
60 163
150 103
48 352
12 219
388 96
