173 841
1 1 1 1 1 2 1 7 2 5 3 9 9 13 15 11 11 18 15 20 20 17 23 17 25 25 22 26 29 23 26 32 31 28 30 30 31 38 32 39 38 35 38 38 43 45 42 45 46 50 48 47 50 46 53 50 55 53 54 57 61 59 57 58 58 59 66 64 61 65 70 64 73 67 67 76 77 70 74 77 81 78 76 82 78 85 85 88 87 84 88 87 91 86 94 88 94 98 98 93 94 101 96 102 99 99 104 106 108 104 106 105 107 112 110 111 114 115 113 114 119 120 121 121 121 119 127 124 121 128 125 125 133 132 129 129 129 134 137 134 136 136 143 140 137 140 147 148 144 148 145 144 151 150 149 150 153 152 159 158 160 157 162 159 163 162 162 162 167 162 164 166
1 1 1 3 1 3 2 6 4 10 6 12 9 8 8 15 14 13 18 17 16 15 20 22 17 23 19 22 26 25 26 29 32 31 33 31 33 36 31 37 33 42 35 40 45 38 39 46 45 42 47 44 50 46 55 52 52 53 52 55 60 59 59 58 58 65 60 61 66 69 68 72 67 74 71 69 74 72 76 76 80 79 79 81 82 85 83 80 89 90 86 89 93 93 90 92 89 92 93 97 99 98 102 96 100 103 102 102 105 107 111 104 113 109 107 112 115 114 118 119 113 120 117 117 117 123 122 125 129 129 130 131 126 134 128 136 131 138 134 140 133 140 143 139 143 139 140 145 148 149 144 150 146 151 155 151 151 154 152 154 161 156 161 164 163 165 164 168 169 165 167 172
75 58
106 167
19 98
132 83
49 35
107 138
169 143
168 108
148 98
162 55
108 49
7 135
163 100
170 59
11 116
62 40
73 23
124 62
17 27
19 102
155 151
152 139
124 75
140 124
24 34
10 156
106 87
32 154
109 7
158 20
159 112
19 96
22 14
57 163
57 135
12 110
47 121
139 98
75 128
75 103
103 59
43 64
160 157
54 20
140 65
43 76
20 147
59 57
150 128
21 111
135 21
77 83
136 42
20 97
99 7
26 54
169 169
150 111
69 25
18 102
73 9
172 171
30 66
11 96
1 132
104 37
5 103
129 85
147 109
165 69
78 23
107 9
25 9
26 77
142 132
100 90
51 147
155 131
92 148
59 29
161 68
121 67
144 158
125 97
67 33
85 11
117 135
143 32
157 164
50 4
78 18
73 116
150 41
119 118
107 149
71 110
77 113
51 169
15 53
122 44
95 71
169 94
53 23
111 173
46 130
83 34
127 69
66 36
51 110
20 22
72 122
168 83
152 105
39 106
24 102
103 34
44 116
34 107
86 95
147 61
137 28
44 122
23 136
22 94
113 152
134 99
72 138
37 51
24 118
150 35
90 62
61 53
126 126
56 129
123 141
93 13
156 109
166 105
9 105
79 57
70 168
141 153
154 61
21 74
106 52
97 35
13 113
57 66
32 18
57 35
96 3
91 122
98 78
93 172
67 38
152 137
124 45
106 134
169 134
73 162
26 44
32 49
161 105
100 29
34 71
120 98
21 155
17 116
22 35
56 32
127 80
147 17
81 104
87 160
134 157
87 129
100 43
29 31
3 29
15 146
5 102
60 56
61 53
20 167
160 46
173 36
93 75
113 18
158 169
36 70
111 78
120 58
172 21
170 96
105 99
54 86
125 75
171 110
43 85
156 115
165 49
156 25
132 88
99 2
92 130
101 155
173 1
24 60
86 65
49 120
85 131
106 6
36 63
153 34
56 30
125 49
106 7
25 82
82 2
130 50
11 110
153 122
144 8
70 35
8 150
147 93
51 113
61 16
162 3
157 38
149 119
103 23
23 92
149 24
95 39
83 117
13 37
128 80
67 24
57 6
118 104
155 79
54 112
83 70
11 91
109 64
91 73
128 88
125 118
107 52
89 145
161 107
49 113
10 41
3 87
65 113
48 65
90 161
165 28
32 10
110 30
5 39
93 1
117 29
59 7
155 80
58 33
38 28
104 46
116 78
2 39
66 95
75 121
58 67
18 157
125 16
23 126
38 114
58 80
161 80
90 12
80 38
46 9
131 143
107 61
157 116
85 163
67 37
82 105
149 68
67 37
65 104
103 9
150 130
25 92
59 142
60 39
74 116
88 99
152 136
3 166
151 85
168 38
155 142
6 80
51 10
25 169
8 78
111 97
6 169
63 108
22 16
45 107
150 27
139 45
140 101
159 82
130 145
140 169
20 152
74 91
104 86
56 154
119 72
22 83
119 17
98 44
139 171
125 128
22 139
37 62
35 56
162 117
131 108
64 105
102 64
17 92
46 30
109 107
11 124
147 63
19 101
91 158
111 101
93 113
145 62
61 158
50 153
173 76
74 75
83 129
85 130
49 16
59 131
159 132
71 171
61 144
112 41
40 50
48 132
43 78
95 63
42 133
141 1
39 16
143 61
111 160
132 48
36 16
14 20
60 109
12 42
59 126
140 139
83 12
163 43
153 104
24 171
156 149
157 142
70 75
120 172
83 72
30 15
51 135
92 72
151 25
20 2
157 145
159 16
1 77
167 119
78 25
44 169
26 7
24 119
80 95
7 7
3 89
5 116
117 162
80 15
56 136
113 154
170 19
136 163
128 48
10 109
75 136
50 48
132 125
136 39
43 105
152 107
150 48
25 162
25 30
55 41
65 74
128 168
158 50
111 58
166 99
154 117
136 26
150 74
166 17
132 70
40 80
23 22
2 25
88 1
87 74
166 50
72 144
88 44
121 108
92 129
8 159
20 16
45 162
136 108
72 37
53 161
13 167
139 2
131 18
5 146
7 21
129 63
171 95
8 120
144 104
49 12
112 11
92 15
1 135
68 135
39 157
50 61
130 129
81 30
97 82
70 74
100 155
29 128
161 115
52 57
158 173
160 9
57 132
70 78
47 161
54 80
152 63
54 31
3 168
13 121
3 168
137 115
163 11
141 23
104 40
25 61
23 127
42 86
16 126
144 141
4 3
50 114
80 128
107 153
42 39
167 115
85 53
51 127
156 23
134 33
3 40
151 4
136 52
40 10
166 44
77 4
56 88
72 146
19 154
35 2
73 63
101 41
146 125
19 110
59 13
39 14
21 156
135 77
111 42
156 23
28 47
46 143
111 15
138 28
135 75
70 134
81 96
130 34
149 48
4 146
88 110
57 60
54 3
92 105
156 91
159 128
47 71
57 29
48 39
27 76
150 143
8 42
121 144
131 51
91 154
24 121
37 26
33 171
139 128
54 136
170 110
114 2
169 17
110 153
55 135
79 101
33 61
126 135
58 88
136 5
134 86
13 116
146 8
50 141
5 62
98 21
147 54
131 101
105 95
168 97
160 117
122 60
57 27
102 144
10 130
81 27
86 10
87 70
114 53
23 167
20 144
146 2
33 136
45 135
163 49
169 155
122 8
143 117
161 51
50 111
65 168
133 134
83 119
111 167
38 146
161 155
148 85
72 74
91 26
98 104
112 65
63 115
16 134
21 71
13 39
9 7
32 86
82 5
140 170
7 120
129 166
88 46
137 79
81 140
140 44
151 173
173 171
20 111
31 71
155 65
139 65
123 156
39 83
88 52
85 65
14 128
31 139
154 151
77 5
145 146
81 92
62 86
143 19
62 88
141 8
125 59
49 36
70 8
19 146
58 59
153 88
16 67
147 53
55 142
45 123
119 115
80 31
11 122
34 76
126 11
158 17
164 32
140 17
120 25
126 95
66 58
70 111
151 172
114 98
71 164
172 173
22 87
23 158
116 49
44 119
158 42
15 53
104 33
61 157
62 140
2 163
18 121
128 94
160 31
132 130
28 159
23 84
132 70
50 60
65 79
95 129
34 12
138 68
163 102
152 43
55 101
89 98
129 159
75 152
7 60
35 112
3 18
169 154
149 156
55 56
19 31
146 128
170 54
44 137
141 157
135 69
100 1
33 115
8 157
44 113
103 32
30 87
109 164
72 7
24 168
77 8
116 85
109 31
151 130
81 45
73 115
4 167
160 112
102 82
128 16
116 99
130 38
75 17
10 62
85 111
87 126
97 12
156 80
36 120
54 45
102 18
164 77
70 140
102 56
58 153
68 36
156 1
135 111
97 25
30 74
23 54
58 104
170 70
103 115
147 148
94 105
47 61
38 9
84 23
7 33
36 83
11 39
85 85
130 35
61 168
90 80
158 28
34 50
55 94
16 99
54 126
11 61
23 99
151 18
43 6
95 137
66 11
59 5
64 128
125 148
35 168
62 24
3 75
120 16
4 156
56 116
56 124
90 78
100 14
50 64
41 4
111 137
126 23
91 14
43 145
130 87
93 10
79 99
56 105
164 133
5 114
87 91
31 50
63 16
143 107
39 1
116 41
117 88
80 154
146 107
94 104
62 50
154 21
39 30
110 2
81 89
112 171
2 92
49 3
111 82
41 15
155 119
90 2
109 135
24 60
110 146
84 120
57 134
4 125
168 26
68 9
145 5
150 24
2 106
156 68
24 146
114 49
42 154
131 125
140 128
98 43
54 15
154 12
85 161
71 137
63 139
101 48
127 50
109 16
18 69
13 67
13 3
80 129
