145 884
1 1 2 1 3 6 7 4 3 7 5 5 9 11 11 9 10 15 14 19 17 22 19 23 22 25 23 26 26 25 24 32 31 28 34 33 32 33 34 33 37 35 43 42 43 40 42 42 45 47 50 52 53 52 54 49 57 52 59 59 54 55 59 62 62 64 64 61 66 70 68 70 70 74 68 70 71 77 78 74 78 79 79 83 81 80 86 87 87 84 86 88 88 89 95 94 94 97 98 99 95 102 103 99 102 106 103 105 102 106 105 112 108 110 109 110 110 114 114 113 120 122 120 119 121 120 126 127 128 125 130 130 130 129 130 136 134 131 134 139 135 137 137 140
1 1 1 1 4 3 2 7 4 5 9 10 9 12 14 11 11 13 14 19 16 15 21 21 22 23 23 28 26 24 24 30 32 27 28 29 34 35 38 34 37 38 41 40 38 44 41 42 48 48 48 52 51 47 55 51 52 52 59 53 56 55 60 62 63 65 61 64 64 66 69 72 72 69 72 73 74 73 77 74 78 79 78 79 83 82 82 81 83 90 91 92 88 88 94 93 90 95 94 96 95 95 97 99 103 106 102 101 109 107 107 109 110 114 113 115 111 112 117 119 120 115 117 123 123 121 127 121 124 125 129 126 126 131 128 130 137 132 138 133 134 137 140 138
38 10
17 35
24 21
122 20
8 55
12 87
22 140
132 66
127 39
22 57
104 13
68 55
3 52
47 98
111 86
117 145
120 105
16 136
16 136
87 81
72 52
1 60
6 9
3 79
138 62
113 10
21 79
19 123
63 43
88 22
117 4
9 41
42 5
41 60
72 34
23 95
119 92
103 139
114 73
73 20
125 132
106 29
138 119
118 36
94 34
127 51
114 18
145 69
106 94
28 36
45 105
33 31
19 120
126 34
101 26
43 34
2 99
2 126
86 140
98 126
65 73
56 63
69 52
17 13
139 3
53 2
107 3
59 2
108 131
47 16
14 5
41 142
132 144
98 29
107 18
129 134
62 47
70 140
95 11
101 88
9 94
48 59
111 129
57 96
124 83
114 49
42 138
47 25
138 103
109 43
134 82
83 95
58 1
52 16
28 108
31 71
134 33
77 145
76 128
121 3
95 101
23 118
85 135
58 127
93 139
36 46
110 53
126 43
6 139
45 61
133 106
4 37
79 27
83 64
4 120
45 111
43 2
12 65
62 122
52 14
55 116
24 40
112 116
126 17
9 57
94 13
95 86
90 66
124 20
126 47
74 44
63 97
5 46
44 9
14 97
10 117
107 38
80 67
100 142
125 44
16 89
82 86
43 82
27 59
121 92
14 34
135 2
139 68
18 71
108 79
125 34
67 140
8 52
61 112
135 15
123 19
140 134
57 37
88 41
51 113
59 29
86 113
60 91
71 125
100 41
1 109
20 88
62 90
129 39
107 65
20 52
2 121
42 86
52 67
58 145
51 140
79 50
145 94
143 116
92 91
140 64
141 72
33 86
118 103
90 132
87 91
131 136
84 84
123 140
104 77
85 34
90 62
32 109
120 54
111 42
17 69
22 128
56 108
60 28
86 35
105 58
3 49
119 136
83 102
35 60
118 130
130 54
87 105
59 122
85 90
135 93
64 26
68 51
143 43
21 42
88 25
99 102
142 111
57 87
30 55
41 18
134 129
39 132
86 47
144 28
112 144
61 88
59 66
19 90
84 2
96 114
111 81
133 4
72 137
46 8
88 140
90 55
30 113
74 23
18 106
143 60
134 4
56 129
84 4
50 76
133 110
44 92
129 45
130 38
94 6
15 81
136 75
2 83
145 13
62 92
64 56
53 143
77 66
130 19
89 98
42 120
110 66
58 115
7 64
12 84
54 28
46 28
48 59
14 2
82 10
117 105
13 115
142 75
14 127
142 141
18 11
31 64
127 123
45 28
141 5
140 143
107 72
89 29
133 119
92 138
28 23
84 120
49 69
132 80
35 112
122 25
116 10
40 2
1 137
52 103
93 139
134 70
108 1
72 106
130 138
43 89
16 93
76 67
87 123
12 85
60 129
73 47
40 37
104 65
3 64
128 42
139 26
69 28
66 128
95 141
46 22
112 64
87 134
60 144
47 68
63 30
25 116
137 23
34 74
110 72
98 50
25 124
104 120
14 18
121 37
81 8
60 83
128 100
140 63
26 113
131 116
128 3
139 19
58 49
40 62
82 135
83 69
89 46
134 112
29 59
138 30
115 27
38 77
29 89
66 53
91 56
105 51
62 64
46 74
133 73
141 129
53 92
101 96
81 94
59 4
33 141
113 117
2 81
10 26
76 80
47 34
85 24
16 86
9 27
121 73
79 49
13 84
48 52
96 108
36 100
10 86
97 131
49 43
112 52
132 113
72 117
128 51
128 78
80 6
107 94
144 106
47 85
38 26
105 140
45 102
13 65
120 65
140 51
97 99
96 110
143 83
126 89
49 15
48 139
57 11
40 70
40 115
59 130
9 71
111 27
58 49
56 124
83 90
87 30
114 19
33 123
58 126
52 59
7 115
114 112
3 49
122 31
39 53
129 124
24 31
88 123
105 72
65 110
32 6
144 95
109 105
10 130
58 115
87 62
21 127
12 74
121 30
32 55
65 2
111 40
27 19
66 98
4 4
92 29
87 108
91 94
78 90
115 6
135 95
51 127
7 83
2 84
34 30
71 73
45 51
30 108
132 142
82 87
4 124
45 142
96 100
143 51
21 122
136 69
56 95
48 24
138 64
69 51
99 125
76 27
65 9
33 134
111 72
14 52
91 107
106 11
43 129
73 95
92 86
17 50
98 2
34 83
13 97
40 37
71 82
47 142
42 90
142 85
87 49
39 108
64 97
45 63
55 41
79 116
2 137
135 131
12 11
108 57
118 105
30 111
6 129
122 58
60 108
59 39
135 48
46 89
50 63
49 136
113 139
107 102
40 145
133 31
104 138
92 135
49 129
20 46
120 52
141 8
51 12
121 115
53 22
64 93
10 136
16 88
65 108
54 58
68 135
101 77
110 140
78 73
138 96
129 38
13 46
106 62
80 16
14 100
102 90
111 110
60 138
1 32
34 110
8 16
84 113
112 3
43 36
23 51
129 37
39 9
55 55
23 16
92 79
67 110
75 63
89 104
13 69
55 125
16 141
18 97
110 102
116 124
70 31
38 118
71 16
29 27
4 3
6 87
7 140
121 90
57 43
26 44
128 39
78 51
129 50
11 39
123 118
60 25
68 141
74 33
142 81
54 5
59 91
62 76
49 2
69 138
11 1
83 52
92 34
112 89
62 128
65 135
134 27
8 21
64 114
95 121
90 143
115 139
138 113
44 62
145 38
48 66
13 32
10 92
6 32
74 85
111 81
80 92
4 141
59 7
69 126
52 144
108 111
12 73
141 1
81 111
80 53
74 112
27 110
128 134
124 12
136 37
92 58
137 77
27 41
2 138
112 76
49 137
80 34
39 143
134 98
29 29
86 130
30 85
136 45
37 18
132 110
79 71
15 48
9 94
61 24
71 18
63 138
43 5
47 116
11 139
42 56
20 29
76 69
48 85
14 92
41 130
136 140
78 27
125 51
47 134
108 119
47 93
93 52
144 75
49 105
56 106
44 70
58 55
136 106
21 66
20 74
41 31
109 109
48 54
140 69
37 85
21 56
36 108
78 13
10 112
118 67
3 113
70 96
123 40
49 41
79 123
129 86
54 98
7 122
30 131
44 103
36 86
97 129
112 80
36 39
34 141
23 52
107 67
23 33
73 57
35 112
107 60
119 101
119 36
101 18
79 106
103 9
116 4
48 63
66 49
127 25
36 78
77 118
70 52
109 113
48 53
31 108
109 133
105 71
121 92
54 72
93 102
9 56
50 124
19 34
120 25
96 6
116 109
26 10
2 103
84 105
38 94
93 118
107 127
25 110
82 97
128 122
117 121
41 124
58 36
23 36
88 41
95 19
76 125
61 93
31 11
24 85
31 117
33 102
99 29
112 31
40 35
138 135
60 4
39 42
44 26
51 115
48 128
13 94
31 33
82 115
124 120
120 129
35 73
50 131
108 48
41 87
19 139
66 107
116 29
136 111
93 100
118 117
71 12
9 123
89 9
120 130
121 61
134 8
32 27
80 3
137 15
32 96
54 112
12 144
45 43
18 45
109 129
70 71
107 3
102 145
43 113
70 48
135 42
135 89
23 52
59 109
59 19
49 24
25 61
82 99
33 33
113 115
27 111
60 134
99 3
23 39
7 83
121 70
144 114
33 9
140 101
61 102
36 11
37 119
119 109
115 92
132 136
122 40
61 57
82 36
123 21
89 141
87 125
6 98
119 53
27 130
93 99
6 63
65 91
74 53
62 73
58 100
96 47
9 113
116 133
10 86
123 82
29 36
85 124
76 47
47 72
32 80
17 128
132 87
25 71
134 70
36 78
43 104
125 44
66 36
118 33
127 142
49 67
4 63
109 120
75 104
42 83
102 79
48 128
68 114
65 43
139 145
66 89
20 83
113 119
123 95
5 71
6 83
106 15
31 104
115 27
29 43
77 6
2 53
39 26
30 86
62 110
57 92
45 79
108 25
120 121
26 5
108 101
82 78
108 83
5 58
69 25
136 50
132 38
86 71
134 46
107 98
17 76
120 20
