468 907
1 1 1 4 1 1 1 7 1 7 2 7 13 14 13 11 10 10 16 18 21 22 17 23 22 17 24 18 25 25 24 22 25 25 35 26 30 27 36 35 34 31 38 39 34 39 45 44 44 43 40 52 45 52 53 55 52 51 52 50 52 60 62 61 54 55 58 63 66 67 65 66 67 74 69 69 70 78 71 80 70 81 80 77 77 75 81 85 78 85 87 83 86 85 94 85 91 91 93 95 91 91 101 98 95 104 106 99 103 108 102 101 113 109 108 109 116 117 116 113 118 118 120 116 125 125 122 127 126 121 129 125 124 134 125 135 134 133 133 130 138 135 134 136 141 146 137 144 144 144 147 151 153 146 148 154 146 158 157 154 150 151 153 162 156 158 161 166 159 162 171 161 164 165 172 168 167 172 175 173 179 180 177 178 179 181 182 185 182 182 188 184 186 191 190 190 193 187 196 199 200 193 200 193 203 197 200 203 205 199 209 205 211 211 211 211 212 207 215 220 211 217 222 214 216 220 227 228 221 219 222 226 232 228 235 234 232 227 237 230 236 232 239 236 234 242 244 241 248 244 250 241 250 249 244 252 247 254 252 249 253 256 256 258 262 262 264 259 259 264 271 272 268 273 274 270 277 278 276 269 271 273 272 277 283 283 276 281 282 289 286 289 293 288 289 296 296 296 288 290 296 294 303 294 301 304 297 306 301 302 304 303 309 309 308 307 306 308 318 318 314 313 316 319 314 325 321 328 324 328 330 324 331 327 332 336 334 332 332 332 340 334 343 335 334 340 338 337 339 339 349 351 348 347 355 348 350 351 349 350 355 356 363 364 356 358 363 358 369 365 368 370 367 374 370 368 366 374 371 372 381 372 377 380 378 382 378 384 382 388 385 389 389 390 390 396 391 395 395 391 397 391 401 394 402 399 404 399 409 403 410 408 410 407 411 412 409 410 418 411 410 421 420 417 423 424 419 417 427 427 420 432 426 423 434 425 429 431 438 435 438 432 436 436 437 437 442 439 441 447 442 452 446 447 454 456 455 454 451 459 450 452 463 457 463 456 459
1 1 1 1 1 1 1 1 1 10 1 12 12 11 6 8 13 11 14 13 21 11 23 15 14 16 17 25 18 19 27 30 28 32 26 29 31 27 32 36 40 33 39 34 35 41 37 41 43 50 48 46 51 49 46 48 53 50 59 58 54 62 62 60 55 58 63 64 64 70 62 61 66 70 71 73 70 76 74 78 73 82 78 79 74 82 81 83 81 83 83 86 90 91 86 86 88 93 97 96 100 91 103 104 105 104 97 102 108 100 108 108 105 110 105 107 116 113 119 109 117 121 117 118 121 116 127 118 121 128 122 131 125 124 132 134 129 128 133 129 135 137 143 138 139 141 144 138 147 148 144 141 142 149 153 153 152 158 150 157 155 154 156 153 156 155 160 167 169 167 160 165 173 167 167 169 176 173 174 169 171 178 173 175 184 176 176 188 187 181 186 189 193 185 194 191 188 197 194 198 194 195 193 198 198 201 205 200 204 208 201 208 205 207 204 208 206 216 213 217 221 221 219 217 217 223 220 220 222 222 228 223 224 233 232 229 228 233 231 240 239 236 233 242 245 242 247 248 241 242 244 244 252 247 249 254 253 254 258 260 250 262 262 258 254 257 257 265 261 261 271 272 273 271 264 271 275 269 277 278 277 274 281 284 285 285 277 279 282 288 281 284 283 289 290 285 297 291 292 299 297 291 296 300 305 295 300 300 306 306 302 310 310 308 313 305 307 308 317 309 319 314 320 324 315 315 326 321 329 327 322 330 326 333 330 329 327 338 331 340 339 335 342 341 339 344 342 348 344 339 351 347 342 348 346 351 356 348 353 356 354 361 361 354 362 357 362 363 369 361 371 363 370 370 373 366 373 370 370 372 373 380 382 382 380 375 377 377 386 388 391 382 391 393 391 396 389 397 394 392 393 392 392 402 402 400 400 398 407 406 408 401 402 410 406 409 408 413 417 415 414 411 416 417 421 423 419 419 429 426 428 431 424 423 428 433 437 430 438 432 431 440 436 441 438 437 444 448 439 447 440 448 444 448 448 448 447 451 453 456 460 457 455 461 457 466 464
5 138
278 220
386 60
332 265
152 50
314 307
65 307
71 421
361 180
137 395
378 189
112 68
113 113
176 71
3 5
374 362
238 445
359 106
401 101
252 169
339 102
375 415
137 227
337 412
363 52
354 196
171 134
92 431
226 337
316 101
401 405
208 164
341 366
311 325
252 132
84 235
70 307
315 459
8 303
6 309
200 257
253 102
71 77
355 143
430 431
403 461
218 118
132 419
376 324
394 410
146 207
127 177
328 17
206 105
355 337
187 303
421 76
8 465
295 173
18 373
322 370
410 161
139 321
281 304
311 415
300 315
47 440
112 13
289 72
340 116
113 164
386 178
453 220
102 345
30 299
411 243
208 106
112 355
102 452
412 210
212 127
458 10
407 206
182 167
273 293
90 57
198 165
437 271
140 105
104 239
88 449
160 287
162 99
37 142
445 309
267 417
321 269
455 403
255 229
446 389
288 267
351 118
371 410
212 341
114 339
360 6
149 413
460 328
339 361
98 466
147 140
328 238
433 228
331 216
162 406
334 305
291 266
123 309
466 101
325 152
436 282
124 246
389 459
63 131
36 181
9 200
264 439
314 115
216 56
47 79
296 216
417 278
153 67
214 233
201 269
334 416
205 99
331 256
301 173
310 174
327 198
216 263
145 144
126 382
286 109
434 103
89 143
367 120
186 228
417 51
415 351
14 162
321 109
302 278
280 205
156 95
26 381
255 215
217 22
86 442
184 228
440 381
194 127
52 332
51 67
366 286
317 37
189 352
432 453
428 70
382 414
457 169
96 108
336 320
64 201
452 316
293 44
197 299
366 56
445 280
59 340
348 25
225 337
104 144
83 61
376 231
228 232
457 41
430 261
93 2
394 445
111 50
273 309
2 299
297 7
1 410
58 133
216 27
53 14
321 10
413 99
405 42
69 139
249 293
87 219
93 98
435 107
384 110
305 331
153 364
235 215
392 130
36 228
375 241
428 248
306 396
250 218
104 246
137 140
35 143
122 378
56 387
12 118
189 196
227 419
352 78
25 401
183 366
18 368
326 345
447 432
267 56
426 458
147 107
72 118
310 294
6 15
274 189
36 18
340 190
237 324
399 178
230 187
116 36
250 209
224 258
293 25
278 213
342 280
381 233
210 425
271 255
268 137
60 121
364 464
460 246
335 210
272 463
210 263
385 391
322 431
302 404
102 123
437 207
112 214
82 380
248 129
63 460
26 108
269 166
190 27
222 303
79 305
349 129
205 40
337 23
158 427
254 439
414 178
335 367
42 206
34 1
29 211
223 387
422 252
41 28
256 163
168 433
75 466
245 276
400 274
181 345
460 204
50 456
333 51
384 468
60 176
426 443
297 402
58 207
339 370
73 151
121 168
320 268
230 308
92 365
210 38
420 231
38 58
321 254
124 421
337 234
16 466
185 238
69 50
89 105
466 233
200 376
325 314
397 245
212 387
115 279
135 343
438 55
403 362
452 113
190 244
280 393
44 242
467 419
335 19
186 155
221 209
122 73
137 366
428 439
65 71
89 194
447 141
399 241
339 134
389 277
11 240
251 466
447 91
32 284
217 286
443 83
423 418
459 376
460 391
3 214
370 77
454 366
467 196
359 199
91 444
334 403
171 214
394 116
82 173
293 83
467 454
271 180
284 321
163 65
54 333
452 386
106 88
294 464
465 32
415 363
57 423
450 446
167 109
251 3
347 289
357 76
339 203
198 423
384 240
159 30
63 293
330 328
353 344
397 307
120 218
366 160
151 436
374 54
386 109
284 159
52 57
120 309
7 218
461 142
32 334
430 29
436 9
210 115
68 317
224 31
297 13
156 466
101 326
260 83
172 450
196 84
244 455
214 164
370 297
303 379
283 364
232 453
323 343
226 303
5 16
314 384
402 454
349 250
345 336
198 202
33 313
115 383
11 15
44 412
36 426
436 217
357 375
58 226
10 27
460 381
178 444
452 439
153 143
254 258
273 77
351 346
154 161
70 87
466 227
129 145
166 404
452 1
438 124
210 113
85 23
315 459
450 37
164 374
385 178
102 200
8 386
23 351
278 442
163 61
4 45
273 47
330 84
240 257
247 454
78 321
454 325
280 3
90 291
52 308
75 210
57 212
214 45
147 453
189 456
448 235
9 176
145 23
346 452
319 243
323 298
270 86
399 160
429 52
1 383
291 78
297 219
424 324
40 449
390 285
336 192
457 187
1 284
451 184
278 170
269 130
142 182
400 4
439 12
316 215
267 132
229 373
385 402
173 374
69 62
100 106
341 241
456 228
105 198
61 202
196 125
338 459
20 204
62 435
346 29
120 467
144 110
171 326
153 58
238 13
269 168
149 76
102 431
343 270
412 216
310 42
378 406
422 12
354 43
467 88
125 212
218 423
284 409
288 292
205 439
170 249
32 152
394 107
118 94
249 46
346 56
383 86
215 216
266 387
159 167
279 198
403 128
456 370
96 410
60 332
199 461
322 394
174 29
438 180
250 259
422 267
143 318
414 324
187 246
193 343
323 37
186 289
232 373
292 193
3 196
103 316
197 124
221 173
312 411
325 158
377 8
215 341
132 76
449 420
170 163
32 341
6 428
169 382
328 404
357 202
69 195
285 458
222 305
339 377
301 111
415 145
342 228
294 400
87 240
51 16
409 188
393 291
165 244
115 128
268 436
92 116
275 47
255 33
63 83
236 194
1 47
133 270
188 248
149 393
331 361
161 398
183 27
290 171
79 397
328 23
154 69
279 155
231 61
340 46
322 223
444 289
17 413
162 143
276 382
100 150
177 451
365 177
100 203
38 128
48 212
341 435
160 239
368 143
23 448
204 27
5 383
464 181
40 441
214 370
96 388
101 173
406 467
209 297
21 208
93 395
120 180
4 241
358 14
70 81
198 460
296 266
63 265
11 338
70 9
377 62
51 280
242 50
367 112
56 378
93 106
100 326
24 69
151 107
354 39
222 12
237 437
439 438
413 20
41 96
79 19
332 204
413 158
462 447
347 158
63 117
184 70
226 215
419 339
262 111
238 301
210 300
251 108
205 127
261 40
318 463
440 58
341 162
30 356
153 102
147 149
269 293
282 299
251 21
65 243
231 317
165 16
276 166
284 136
322 14
461 94
295 148
243 142
259 182
287 424
80 374
433 225
97 6
415 5
351 149
462 319
364 459
271 141
371 408
4 61
335 54
456 385
391 278
226 311
119 115
111 433
117 7
279 223
162 181
240 228
187 437
467 289
200 39
221 222
324 408
135 147
214 51
419 213
66 189
457 182
179 438
314 280
62 266
256 178
377 360
408 413
182 175
63 209
391 172
6 441
401 45
102 47
101 269
84 438
241 110
354 194
313 421
300 291
291 458
140 214
300 285
275 219
192 174
106 289
145 462
122 274
68 300
176 304
340 249
125 284
334 260
199 115
219 406
406 260
106 95
16 296
78 224
26 94
181 358
232 135
123 66
17 271
432 219
153 450
85 390
437 364
135 407
39 46
309 260
383 22
225 117
371 323
67 43
428 383
149 248
130 378
300 450
172 62
466 452
402 409
294 128
113 369
123 31
130 85
437 348
323 418
351 377
241 419
3 240
125 464
197 211
355 83
204 281
102 190
136 299
105 182
358 111
111 239
143 288
165 446
209 393
463 378
348 350
346 104
67 206
457 259
172 131
255 444
420 128
439 259
56 170
124 304
181 212
365 187
238 463
430 52
248 70
185 464
373 196
427 198
462 81
116 59
347 376
31 163
183 156
351 226
49 271
254 307
336 370
294 296
396 203
363 460
87 350
331 83
204 183
355 2
356 421
275 437
104 39
65 219
229 2
154 313
152 201
268 251
226 21
199 130
161 52
16 297
120 254
252 220
83 187
370 215
45 347
341 367
17 271
355 376
370 49
133 454
431 208
81 9
91 409
178 413
233 351
99 62
181 48
329 421
290 421
352 9
238 270
454 407
125 300
332 51
162 197
15 268
440 88
424 100
183 215
413 242
285 23
86 62
221 255
48 172
3 188
186 349
270 118
15 116
4 62
349 223
378 235
341 308
18 414
16 72
211 441
459 39
168 456
144 310
217 99
139 356
80 329
439 398
253 448
438 323
